173
1 2 80
1 3 71
1 4 99
1 5 98
1 6 95
1 7 62
1 8 69
1 9 71
2 10 57
3 11 79
4 12 80
5 13 79
6 14 52
7 15 25
8 16 67
9 17 38
10 18 24
11 19 47
12 20 80
13 21 44
14 22 17
15 23 5
16 24 81
17 25 78
18 26 93
19 27 76
20 28 35
21 29 14
22 30 38
23 31 37
24 32 16
25 33 52
26 34 13
27 35 70
28 36 97
29 37 94
30 38 33
31 39 50
32 40 65
33 41 10
34 42 12
35 43 15
36 44 52
37 45 39
38 46 38
39 47 90
40 48 13
41 49 30
42 50 22
43 51 42
44 52 73
45 53 68
46 54 24
47 55 84
48 56 92
49 57 36
50 58 85
51 59 46
52 60 15
53 61 45
54 62 82
55 63 48
56 64 77
57 65 89
58 66 86
59 67 13
60 68 76
61 69 15
62 70 81
63 71 62
64 72 92
65 73 87
66 74 5
67 75 6
68 76 49
69 77 4
70 78 13
71 79 76
72 80 34
73 81 82
74 82 81
75 83 95
76 84 30
77 85 21
78 86 13
79 87 56
80 88 64
81 89 97
82 90 51
83 91 53
84 92 90
85 93 82
86 94 85
87 95 53
88 96 13
89 97 26
90 98 15
91 99 50
92 100 69
93 101 54
94 102 14
95 103 26
96 104 68
97 105 91
98 106 13
99 107 98
100 108 3
101 109 44
53 24 74
33 20 27
73 46 7
80 64 40
54 14 58
68 15 81
53 44 70
86 12 65
81 15 44
73 33 38
29 18 66
26 12 66
71 60 6
98 31 36
62 18 33
43 34 88
67 55 52
92 47 93
90 75 95
61 50 77
93 73 62
56 21 68
83 55 65
49 24 27
21 15 93
94 26 19
72 24 49
36 12 32
87 64 10
71 65 24
78 46 97
53 47 35
79 64 61
61 54 54
27 14 39
74 31 40
51 45 5
75 26 45
65 18 23
36 14 97
21 20 45
53 29 58
71 40 20
50 17 96
63 42 45
71 14 68
57 36 19
38 22 20
57 49 91
98 56 69
48 21 15
73 41 87
87 25 58
54 28 35
78 21 66
77 70 57
61 15 72
52 34 44
83 29 78
77 13 35
92 73 41
22 17 7
75 16 24
50 32 86
100 86 50
