560
1 2 4
1 6 4
1 8 2
1 9 3
1 15 1
1 23 3
1 25 1
1 30 1
1 31 3
1 32 4
1 35 2
1 37 3
1 39 3
1 40 2
2 3 1
2 6 2
2 8 1
2 9 2
2 14 4
2 15 1
2 17 2
2 22 1
2 23 2
2 27 3
2 28 2
2 35 1
2 37 4
2 39 1
2 40 4
3 1 1
3 2 4
3 4 1
3 6 1
3 7 2
3 10 1
3 13 3
3 22 2
3 23 1
3 31 2
3 32 3
3 40 2
4 5 3
4 7 2
4 18 3
4 21 4
4 22 2
4 23 3
4 29 1
4 34 4
4 35 1
4 36 4
4 38 4
4 40 1
5 6 4
5 7 2
5 8 3
5 9 4
5 15 3
5 17 4
5 19 2
5 25 2
5 28 2
5 31 3
5 34 2
5 37 2
5 38 1
5 40 1
6 7 2
6 9 3
6 11 1
6 12 2
6 15 4
6 17 3
6 19 1
6 22 4
6 25 1
6 28 3
6 34 2
6 35 1
6 36 4
6 37 2
6 40 2
7 1 4
7 8 3
7 16 2
7 27 2
7 29 2
7 32 4
7 36 4
7 38 2
7 40 3
8 2 2
8 9 1
8 15 2
8 23 3
8 25 1
8 27 4
8 33 4
8 38 1
8 40 1
9 2 2
9 4 3
9 6 3
9 7 4
9 8 3
9 10 4
9 15 1
9 17 4
9 19 2
9 21 1
9 22 3
9 24 4
9 25 2
9 27 2
9 28 2
9 31 3
9 34 4
9 35 4
9 36 1
9 39 2
9 40 2
10 1 2
10 2 3
10 4 2
10 6 1
10 8 3
10 11 3
10 15 4
10 16 3
10 17 1
10 19 3
10 22 4
10 34 4
10 40 3
11 1 4
11 12 4
11 13 2
11 15 1
11 16 2
11 18 1
11 24 1
11 26 4
11 28 4
11 29 2
11 32 4
11 35 3
11 37 3
11 39 3
11 40 3
12 6 3
12 7 1
12 9 2
12 13 1
12 14 2
12 15 2
12 24 2
12 28 1
12 29 1
12 32 3
12 38 3
12 40 4
13 1 1
13 9 3
13 14 1
13 16 4
13 18 4
13 19 2
13 22 1
13 24 4
13 25 3
13 29 1
13 30 4
13 33 4
13 35 4
13 36 1
13 37 3
13 40 4
14 6 4
14 7 3
14 15 2
14 18 1
14 22 1
14 24 3
14 27 3
14 28 2
14 34 2
14 36 4
14 40 1
15 4 2
15 5 3
15 8 2
15 9 2
15 13 1
15 16 2
15 19 4
15 22 4
15 25 3
15 29 1
15 31 4
15 33 1
15 40 1
16 5 2
16 8 3
16 10 1
16 13 3
16 15 4
16 17 1
16 21 4
16 25 2
16 26 3
16 28 4
16 29 3
16 31 4
16 32 4
16 34 1
16 40 1
17 4 3
17 5 2
17 6 4
17 9 2
17 12 4
17 18 2
17 19 3
17 22 4
17 23 1
17 24 4
17 26 4
17 28 2
17 29 1
17 38 1
17 39 1
17 40 1
18 6 2
18 7 3
18 8 3
18 13 4
18 14 1
18 19 2
18 20 3
18 21 1
18 22 2
18 23 4
18 24 4
18 26 3
18 27 3
18 31 2
18 35 2
18 38 4
18 40 2
19 2 3
19 3 4
19 8 1
19 16 1
19 20 2
19 23 3
19 24 4
19 27 2
19 30 4
19 37 3
19 38 4
19 39 1
19 40 3
20 2 2
20 3 3
20 4 2
20 5 2
20 6 1
20 8 2
20 10 2
20 12 1
20 16 1
20 21 4
20 22 4
20 26 4
20 30 3
20 34 2
20 36 3
20 40 1
21 1 4
21 2 3
21 8 4
21 10 4
21 12 4
21 15 2
21 18 2
21 19 4
21 20 1
21 22 1
21 27 4
21 28 4
21 36 3
21 38 2
21 39 3
21 40 2
22 7 4
22 13 4
22 19 4
22 23 1
22 29 4
22 34 4
22 40 3
23 2 4
23 4 2
23 6 3
23 7 2
23 8 2
23 13 3
23 18 3
23 19 4
23 24 4
23 25 4
23 28 3
23 29 3
23 32 3
23 33 3
23 35 3
23 37 2
23 38 2
23 39 3
23 40 4
24 1 4
24 3 3
24 5 1
24 6 4
24 7 4
24 14 3
24 16 1
24 17 4
24 20 4
24 23 1
24 25 1
24 34 3
24 35 4
24 36 4
24 37 4
24 38 1
24 40 4
25 2 2
25 9 4
25 11 1
25 12 4
25 17 1
25 20 2
25 22 4
25 24 2
25 26 4
25 40 3
26 1 1
26 2 4
26 5 4
26 8 1
26 13 4
26 15 4
26 16 1
26 21 4
26 23 1
26 27 3
26 31 4
26 34 1
26 37 4
26 40 4
27 1 2
27 3 3
27 7 1
27 10 3
27 13 3
27 19 4
27 20 1
27 24 4
27 25 2
27 28 2
27 32 2
27 40 3
28 4 2
28 17 1
28 22 2
28 29 4
28 38 3
28 40 1
29 4 4
29 6 1
29 9 3
29 14 4
29 18 3
29 20 1
29 23 1
29 24 3
29 27 4
29 30 1
29 33 4
29 37 1
29 40 3
30 3 1
30 15 4
30 19 3
30 21 2
30 22 3
30 23 4
30 24 3
30 31 4
30 32 1
30 36 4
30 40 1
31 1 4
31 2 2
31 3 4
31 7 1
31 9 2
31 11 4
31 12 4
31 16 2
31 17 2
31 22 2
31 23 3
31 28 3
31 30 2
31 32 4
31 33 4
31 40 2
32 3 1
32 5 4
32 10 3
32 19 2
32 22 2
32 29 4
32 33 1
32 36 2
32 40 2
33 1 4
33 2 3
33 5 4
33 8 2
33 10 1
33 15 3
33 17 4
33 20 2
33 23 2
33 24 2
33 26 2
33 29 2
33 30 4
33 34 3
33 35 2
33 37 2
33 40 1
34 2 1
34 7 1
34 10 4
34 12 4
34 13 2
34 16 2
34 17 4
34 18 1
34 24 1
34 26 3
34 35 3
34 36 2
34 40 2
35 2 3
35 3 1
35 4 3
35 12 3
35 13 1
35 17 4
35 18 1
35 29 1
35 36 4
35 39 1
35 40 4
36 2 3
36 5 2
36 8 3
36 9 3
36 10 2
36 12 2
36 17 2
36 28 1
36 31 4
36 33 4
36 37 3
36 40 4
37 1 4
37 4 2
37 8 1
37 9 4
37 11 4
37 24 2
37 26 2
37 32 4
37 34 4
37 35 1
37 38 1
37 40 4
38 1 1
38 5 3
38 6 1
38 8 3
38 12 3
38 13 3
38 17 1
38 22 3
38 29 3
38 32 2
38 35 1
38 37 4
38 39 4
38 40 1
39 2 3
39 7 4
39 11 2
39 14 4
39 15 4
39 17 2
39 22 4
39 25 3
39 26 4
39 29 1
39 30 3
39 32 4
39 35 4
39 40 4
40 1 1
40 2 2
40 3 4
40 4 1
40 5 1
40 6 4
40 7 4
40 8 1
40 9 2
40 10 2
40 11 4
40 12 1
40 13 2
40 14 2
40 15 1
40 16 2
40 17 4
40 18 3
40 19 3
40 20 1
40 21 4
40 22 2
40 23 3
40 24 3
40 25 4
40 26 4
40 27 4
40 28 3
40 29 4
40 30 4
40 31 2
40 32 3
40 33 1
40 34 4
40 35 1
40 36 2
40 37 4
40 38 2
40 39 2
