1096
1 2 5
1 3 61
1 4 18
2 5 26
2 6 88
2 7 12
2 8 55
2 9 2
2 10 35
2 11 34
2 12 35
3 13 25
4 14 32
5 15 34
5 16 67
6 17 90
7 18 35
8 19 16
8 20 26
8 21 23
8 22 95
8 23 5
8 24 39
9 25 94
9 26 33
10 27 75
10 28 13
10 29 86
10 30 96
10 31 78
10 32 64
11 33 89
11 34 64
12 35 25
12 36 8
12 37 24
12 38 17
12 39 89
12 40 77
12 41 17
12 42 27
12 43 3
12 44 92
12 45 56
12 46 27
13 47 91
14 48 71
15 49 16
16 50 21
16 51 81
16 52 53
16 53 79
17 54 68
17 55 4
17 56 23
17 57 34
17 58 2
17 59 96
17 60 27
17 61 4
17 62 1
18 63 68
18 64 7
18 65 9
18 66 25
19 67 14
19 68 74
19 69 18
19 70 92
20 71 31
21 72 9
21 73 97
21 74 59
22 75 50
22 76 18
22 77 81
22 78 47
23 79 42
23 80 21
24 81 6
24 82 22
24 83 5
25 84 3
25 85 50
25 86 63
25 87 10
25 88 14
25 89 73
25 90 40
25 91 13
26 92 56
27 93 98
27 94 98
27 95 46
27 96 63
28 97 74
28 98 59
28 99 34
28 100 91
28 101 48
28 102 12
29 103 98
30 104 15
31 105 47
31 106 69
31 107 95
31 108 75
31 109 99
31 110 64
31 111 56
31 112 6
32 113 6
33 114 69
33 115 3
33 116 54
34 117 60
34 118 81
34 119 99
34 120 42
35 121 47
35 122 52
35 123 28
35 124 86
35 125 8
35 126 71
35 127 93
35 128 14
36 129 69
36 130 97
37 131 72
37 132 89
37 133 44
38 134 17
38 135 1
39 136 42
40 137 54
40 138 9
40 139 11
40 140 97
40 141 79
41 142 30
41 143 34
42 144 73
42 145 43
42 146 35
43 147 45
44 148 46
44 149 41
45 150 74
45 151 71
45 152 44
45 153 26
45 154 21
45 155 96
46 156 8
46 157 91
47 158 80
47 159 57
48 160 40
49 161 34
50 162 16
50 163 79
50 164 35
51 165 29
51 166 62
52 167 64
52 168 46
52 169 29
52 170 23
52 171 12
52 172 17
52 173 4
52 174 58
52 175 51
52 176 50
52 177 94
52 178 82
52 179 32
52 180 66
52 181 41
53 182 85
53 183 4
53 184 3
53 185 95
53 186 63
53 187 77
53 188 93
53 189 9
53 190 86
53 191 15
53 192 8
53 193 81
53 194 26
54 195 85
54 196 7
54 197 32
54 198 11
55 199 4
55 200 23
55 201 76
55 202 10
55 203 48
55 204 35
56 205 56
56 206 7
57 207 56
57 208 48
57 209 82
57 210 38
58 211 98
58 212 30
58 213 48
59 214 77
59 215 29
59 216 28
59 217 77
59 218 94
60 219 87
61 220 50
61 221 65
61 222 33
62 223 46
62 224 50
62 225 92
62 226 62
62 227 17
62 228 9
62 229 86
62 230 56
62 231 13
62 232 20
63 233 65
64 234 28
64 235 2
64 236 27
64 237 38
64 238 30
64 239 96
64 240 97
65 241 41
65 242 7
66 243 16
66 244 57
66 245 88
66 246 21
67 247 53
68 248 7
68 249 30
69 250 63
70 251 95
70 252 35
71 253 92
71 254 13
72 255 41
72 256 38
73 257 69
73 258 32
73 259 60
73 260 70
73 261 51
74 262 64
75 263 96
76 264 29
76 265 63
76 266 92
77 267 40
77 268 34
78 269 71
78 270 86
78 271 26
79 272 26
79 273 70
79 274 60
79 275 12
79 276 51
79 277 41
79 278 68
79 279 40
79 280 84
80 281 90
81 282 95
81 283 1
82 284 40
82 285 43
83 286 91
84 287 83
84 288 41
84 289 61
84 290 46
84 291 75
84 292 76
85 293 48
85 294 24
85 295 72
85 296 70
85 297 96
86 298 49
86 299 89
87 300 29
87 301 84
87 302 48
87 303 47
87 304 28
88 305 24
89 306 62
90 307 94
91 308 93
91 309 20
91 310 74
91 311 89
91 312 61
91 313 90
91 314 88
92 315 5
93 316 73
93 317 28
93 318 7
93 319 2
94 320 10
95 321 3
95 322 57
95 323 72
95 324 43
95 325 46
95 326 59
95 327 3
96 328 99
96 329 51
97 330 12
97 331 76
97 332 28
98 333 1
99 334 76
99 335 65
99 336 96
99 337 13
99 338 83
100 339 27
100 340 60
100 341 86
100 342 16
101 343 64
101 344 44
102 345 19
103 346 42
103 347 38
103 348 23
103 349 23
104 350 99
104 351 55
104 352 13
104 353 23
105 354 39
105 355 1
105 356 54
106 357 58
107 358 29
107 359 52
108 360 61
108 361 37
108 362 18
108 363 25
108 364 47
108 365 85
108 366 8
108 367 62
108 368 83
108 369 60
108 370 22
108 371 45
108 372 57
109 373 71
110 374 79
110 375 85
111 376 90
111 377 70
111 378 82
112 379 36
112 380 62
112 381 45
113 382 55
114 383 35
114 384 2
115 385 8
116 386 69
116 387 69
117 388 87
117 389 77
117 390 33
118 391 84
118 392 3
118 393 58
118 394 45
118 395 3
119 396 82
119 397 33
119 398 11
119 399 82
119 400 9
119 401 80
119 402 46
120 403 5
120 404 71
120 405 68
120 406 36
120 407 43
120 408 96
120 409 31
120 410 48
120 411 45
120 412 15
120 413 26
120 414 54
120 415 74
121 416 1
121 417 66
122 418 88
123 419 22
123 420 27
123 421 5
123 422 32
123 423 18
124 424 25
124 425 23
125 426 5
125 427 5
125 428 14
125 429 20
125 430 42
126 431 41
126 432 31
126 433 6
127 434 58
128 435 55
128 436 91
128 437 34
129 438 89
129 439 47
129 440 1
129 441 78
130 442 18
130 443 89
130 444 68
131 445 60
132 446 69
133 447 82
133 448 64
134 449 85
134 450 9
134 451 39
134 452 57
135 453 77
136 454 3
137 455 57
137 456 48
137 457 26
137 458 6
137 459 63
137 460 49
137 461 21
138 462 12
138 463 8
139 464 94
140 465 43
141 466 17
141 467 17
141 468 98
141 469 15
142 470 58
142 471 35
142 472 69
143 473 83
143 474 12
143 475 96
143 476 63
143 477 76
144 478 47
144 479 85
145 480 92
145 481 99
145 482 55
145 483 3
145 484 76
145 485 34
145 486 1
145 487 99
145 488 74
146 489 72
147 490 25
147 491 89
147 492 3
147 493 32
148 494 87
148 495 31
148 496 86
148 497 57
148 498 35
148 499 73
148 500 42
149 501 45
150 502 3
150 503 35
151 504 12
151 505 76
151 506 93
151 507 55
151 508 51
151 509 71
151 510 98
151 511 50
151 512 85
151 513 58
151 514 14
152 515 33
152 516 62
152 517 77
153 518 54
153 519 33
153 520 77
154 521 56
154 522 18
155 523 34
155 524 56
155 525 25
156 526 95
156 527 56
156 528 98
157 529 27
158 530 78
159 531 81
159 532 44
159 533 93
160 534 52
161 535 60
161 536 46
161 537 9
161 538 80
162 539 12
162 540 97
162 541 1
162 542 67
162 543 47
162 544 84
163 545 56
164 546 31
165 547 32
166 548 37
167 549 14
167 550 13
167 551 78
168 552 55
168 553 32
168 554 50
168 555 37
168 556 18
168 557 2
168 558 57
168 559 81
168 560 39
168 561 80
168 562 86
169 563 85
169 564 79
170 565 7
171 566 61
171 567 89
172 568 59
173 569 4
173 570 80
174 571 21
174 572 3
174 573 17
175 574 84
176 575 45
177 576 91
177 577 62
177 578 58
177 579 81
178 580 29
178 581 65
178 582 30
178 583 3
179 584 53
180 585 29
181 586 64
181 587 8
181 588 95
182 589 76
182 590 48
183 591 27
183 592 48
184 593 52
185 594 73
186 595 8
186 596 68
187 597 9
187 598 53
187 599 61
187 600 18
187 601 56
187 602 81
188 603 78
188 604 81
189 605 40
189 606 95
189 607 20
189 608 44
189 609 92
189 610 88
189 611 82
190 612 34
191 613 21
191 614 38
191 615 89
191 616 60
191 617 25
191 618 18
191 619 17
191 620 98
192 621 36
193 622 52
193 623 58
194 624 27
195 625 90
195 626 80
195 627 95
195 628 66
196 629 32
196 630 93
196 631 62
196 632 43
196 633 4
196 634 6
196 635 46
196 636 92
197 637 27
198 638 79
198 639 19
198 640 86
198 641 4
198 642 50
198 643 44
198 644 89
198 645 8
199 646 28
199 647 91
199 648 79
199 649 81
199 650 92
200 651 94
200 652 18
200 653 53
201 654 20
202 655 39
202 656 85
203 657 8
204 658 44
204 659 91
204 660 81
204 661 60
204 662 50
205 663 96
205 664 14
205 665 54
206 666 98
207 667 86
207 668 41
207 669 62
207 670 17
207 671 84
207 672 67
207 673 55
208 674 90
208 675 54
209 676 36
209 677 20
209 678 67
209 679 79
209 680 89
209 681 27
210 682 19
210 683 20
211 684 71
211 685 78
211 686 42
212 687 56
212 688 46
212 689 12
212 690 99
213 691 81
214 692 42
215 693 38
215 694 80
216 695 87
216 696 99
216 697 40
216 698 37
216 699 98
216 700 80
217 701 78
217 702 61
217 703 55
218 704 15
218 705 17
218 706 36
218 707 86
218 708 43
218 709 49
218 710 54
219 711 90
220 712 91
220 713 6
220 714 63
220 715 45
220 716 30
220 717 1
220 718 45
221 719 80
221 720 33
221 721 92
221 722 78
221 723 39
221 724 82
221 725 27
222 726 55
222 727 16
222 728 54
222 729 76
223 730 25
224 731 76
224 732 66
224 733 79
224 734 86
225 735 49
225 736 82
226 737 33
227 738 86
228 739 92
228 740 70
228 741 88
228 742 9
228 743 2
229 744 56
230 745 41
231 746 55
232 747 84
233 748 89
233 749 13
233 750 45
234 751 9
234 752 80
235 753 33
236 754 74
236 755 6
237 756 61
238 757 53
238 758 2
238 759 22
239 760 90
239 761 43
239 762 37
240 763 24
240 764 48
240 765 22
240 766 51
241 767 15
242 768 42
242 769 59
242 770 32
242 771 7
242 772 4
242 773 64
242 774 81
242 775 19
242 776 99
242 777 15
242 778 75
242 779 55
242 780 74
243 781 39
243 782 20
244 783 79
244 784 4
244 785 91
244 786 33
244 787 60
244 788 70
245 789 88
245 790 50
245 791 17
246 792 33
246 793 6
246 794 62
247 795 92
247 796 19
248 797 96
249 798 32
250 799 34
250 800 78
250 801 46
250 802 28
250 803 85
251 804 99
251 805 46
251 806 13
251 807 14
252 808 35
252 809 97
252 810 84
252 811 32
253 812 41
254 813 60
254 814 66
255 815 33
255 816 72
256 817 92
256 818 97
257 819 72
257 820 65
258 821 50
258 822 59
259 823 13
259 824 91
259 825 40
259 826 51
260 827 56
261 828 57
261 829 85
261 830 66
261 831 88
261 832 39
261 833 6
262 834 79
262 835 54
262 836 62
263 837 29
264 838 80
264 839 9
264 840 94
264 841 30
264 842 72
265 843 29
265 844 37
266 845 39
266 846 90
266 847 22
266 848 68
267 849 4
267 850 69
267 851 78
268 852 52
268 853 15
268 854 99
268 855 35
269 856 83
270 857 28
270 858 96
271 859 89
271 860 47
271 861 77
271 862 6
271 863 40
271 864 24
272 865 54
273 866 83
274 867 16
274 868 74
275 869 14
275 870 65
275 871 32
275 872 78
275 873 91
275 874 91
276 875 44
277 876 29
277 877 51
277 878 84
277 879 34
277 880 69
277 881 48
278 882 59
279 883 40
280 884 23
280 885 58
280 886 10
280 887 24
280 888 1
281 889 13
281 890 23
281 891 97
281 892 18
281 893 73
282 894 52
283 895 68
283 896 21
283 897 29
283 898 58
283 899 26
284 900 31
284 901 47
284 902 12
284 903 65
285 904 53
285 905 34
286 906 97
286 907 91
286 908 69
286 909 98
286 910 80
287 911 46
288 912 52
289 913 73
289 914 63
289 915 33
290 916 8
290 917 35
291 918 2
292 919 81
293 920 74
293 921 13
294 922 74
294 923 86
295 924 27
295 925 6
295 926 50
296 927 93
296 928 64
297 929 18
298 930 48
298 931 34
298 932 59
298 933 15
298 934 78
298 935 38
298 936 58
298 937 44
298 938 56
298 939 53
299 940 69
300 941 42
301 942 5
301 943 68
302 944 92
302 945 12
302 946 32
302 947 14
303 948 62
303 949 3
303 950 65
303 951 27
304 952 37
304 953 28
304 954 71
305 955 58
305 956 55
305 957 62
305 958 72
305 959 7
305 960 68
306 961 70
306 962 98
306 963 17
306 964 56
307 965 1
307 966 36
307 967 20
307 968 32
308 969 30
308 970 98
308 971 9
309 972 70
309 973 99
309 974 57
309 975 36
309 976 50
309 977 22
309 978 70
309 979 83
309 980 97
309 981 70
310 982 38
310 983 53
310 984 62
311 985 95
311 986 5
311 987 19
312 988 10
312 989 25
312 990 76
312 991 4
312 992 58
312 993 81
312 994 16
312 995 63
313 996 43
314 997 82
314 998 64
314 999 5
314 1000 13
58 18 95
95 66 57
55 15 55
67 53 91
80 61 91
84 36 8
65 35 43
44 15 29
34 9 47
32 8 55
3 1 43
23 7 73
46 26 17
98 79 79
98 24 46
55 19 50
47 23 14
19 10 46
89 87 66
75 29 35
73 70 90
59 53 44
90 19 2
25 23 77
55 39 67
42 18 97
33 3 64
19 6 68
43 34 23
10 1 56
76 42 3
63 2 20
62 11 34
60 41 26
92 3 64
71 67 93
99 35 27
69 60 71
54 17 17
66 62 58
86 81 79
51 49 12
75 55 62
44 24 60
89 45 21
74 37 93
16 1 98
7 3 17
52 46 88
36 3 50
22 5 8
83 11 5
26 16 76
31 25 22
18 16 70
88 54 8
23 4 13
22 20 20
42 26 7
57 37 55
94 20 9
74 2 5
47 20 28
59 31 36
55 51 39
81 34 50
57 10 79
20 15 7
70 54 95
91 65 76
63 50 51
77 68 54
6 2 94
69 16 6
99 5 3
90 58 33
42 29 91
55 24 91
36 5 1
21 11 34
33 22 23
23 2 33
84 3 21
34 32 74
84 30 53
44 37 19
56 34 48
59 45 90
14 2 40
41 37 46
60 38 6
44 39 52
71 1 33
10 5 84
62 43 17
13 5 16
85 48 64
