1596
1 2 44
2 3 36
3 4 36
4 5 38
5 6 30
6 7 43
7 8 23
8 9 36
9 10 20
10 11 29
11 12 49
12 13 24
13 14 32
14 15 32
14 16 39
15 17 49
16 18 33
17 19 21
18 20 26
19 21 33
19 22 44
20 23 25
21 24 26
22 25 31
23 26 26
24 27 36
25 28 21
25 29 36
25 30 29
25 31 40
26 32 27
26 33 45
26 34 22
26 35 29
26 36 23
27 37 42
28 38 39
29 39 45
30 40 25
30 41 34
30 42 37
30 43 21
30 44 49
30 45 40
30 46 23
31 47 21
32 48 48
32 49 21
32 50 24
32 51 30
32 52 34
33 53 24
34 54 48
34 55 29
35 56 46
36 57 39
37 58 35
37 59 26
37 60 42
38 61 25
39 62 47
40 63 29
41 64 34
41 65 46
42 66 40
43 67 46
43 68 43
44 69 23
45 70 46
46 71 49
47 72 20
47 73 37
48 74 32
49 75 41
50 76 21
50 77 35
51 78 22
52 79 25
53 80 40
54 81 35
55 82 23
55 83 32
56 84 28
56 85 22
57 86 26
58 87 34
59 88 46
59 89 41
59 90 29
60 91 27
61 92 23
62 93 37
63 94 33
63 95 39
64 96 33
65 97 40
65 98 49
66 99 41
66 100 39
67 101 32
68 102 39
69 103 23
70 104 42
71 105 43
72 106 23
72 107 34
72 108 42
73 109 47
73 110 41
74 111 27
75 112 49
76 113 21
76 114 38
77 115 39
78 116 24
79 117 23
80 118 47
81 119 25
82 120 38
82 121 28
83 122 29
84 123 31
85 124 41
86 125 49
87 126 31
87 127 41
87 128 21
88 129 28
89 130 43
90 131 25
90 132 24
91 133 45
92 134 48
92 135 42
93 136 33
94 137 36
94 138 23
94 139 47
95 140 36
96 141 44
97 142 43
97 143 47
97 144 44
97 145 49
98 146 20
98 147 32
99 148 26
100 149 22
101 150 49
102 151 21
103 152 44
103 153 40
104 154 31
105 155 24
106 156 26
106 157 28
107 158 46
108 159 23
109 160 34
110 161 38
110 162 21
111 163 49
112 164 23
113 165 22
114 166 24
115 167 38
116 168 39
117 169 21
118 170 21
118 171 34
119 172 44
119 173 45
119 174 42
120 175 40
121 176 22
121 177 23
121 178 34
122 179 23
123 180 32
123 181 46
124 182 35
125 183 36
125 184 49
126 185 29
127 186 31
128 187 49
129 188 43
130 189 42
131 190 28
132 191 33
133 192 32
133 193 28
134 194 20
134 195 48
135 196 46
136 197 41
137 198 26
138 199 22
138 200 43
139 201 25
140 202 35
141 203 49
142 204 28
142 205 41
142 206 39
143 207 33
144 208 36
145 209 24
146 210 43
147 211 47
148 212 46
149 213 47
150 214 37
151 215 31
152 216 23
153 217 21
154 218 32
155 219 39
156 220 36
157 221 42
158 222 23
159 223 24
160 224 27
161 225 25
162 226 39
163 227 30
164 228 35
165 229 28
165 230 26
166 231 44
167 232 29
167 233 22
168 234 21
169 235 37
170 236 44
171 237 33
171 238 46
172 239 39
173 240 29
174 241 46
175 242 30
176 243 49
176 244 20
177 245 24
178 246 21
179 247 22
180 248 25
181 249 45
182 250 42
183 251 49
184 252 28
185 253 26
186 254 39
187 255 40
188 256 31
189 257 40
189 258 25
190 259 20
191 260 35
192 261 32
193 262 48
193 263 33
194 264 22
195 265 28
196 266 36
197 267 37
197 268 21
198 269 39
198 270 29
199 271 24
199 272 40
200 273 23
201 274 27
201 275 30
202 276 44
203 277 40
204 278 33
204 279 22
205 280 23
206 281 36
207 282 23
208 283 47
209 284 28
210 285 33
210 286 45
211 287 31
212 288 49
212 289 42
213 290 48
214 291 41
214 292 43
215 293 37
216 294 44
217 295 44
218 296 45
219 297 28
220 298 20
220 299 46
221 300 49
222 301 41
222 302 48
223 303 47
223 304 22
224 305 35
224 306 44
224 307 48
224 308 39
225 309 28
226 310 44
226 311 23
227 312 25
227 313 24
228 314 44
229 315 29
230 316 39
231 317 47
232 318 48
233 319 43
234 320 33
235 321 24
236 322 29
236 323 49
237 324 25
237 325 43
238 326 46
239 327 42
239 328 38
240 329 21
241 330 31
242 331 46
243 332 25
243 333 20
243 334 41
243 335 24
244 336 32
245 337 44
246 338 22
247 339 49
247 340 25
248 341 48
249 342 21
250 343 25
251 344 39
252 345 21
252 346 40
253 347 36
254 348 30
255 349 45
255 350 25
255 351 40
256 352 33
257 353 34
258 354 25
259 355 36
259 356 44
260 357 31
261 358 28
262 359 26
263 360 26
264 361 27
264 362 33
264 363 46
265 364 28
266 365 32
267 366 46
267 367 31
268 368 22
269 369 38
270 370 43
270 371 29
271 372 43
272 373 34
272 374 22
272 375 38
272 376 40
273 377 35
273 378 47
274 379 28
275 380 48
276 381 49
277 382 24
278 383 37
279 384 47
279 385 36
280 386 20
280 387 41
280 388 36
281 389 38
282 390 22
283 391 38
284 392 44
285 393 32
286 394 33
287 395 47
287 396 48
287 397 42
288 398 41
288 399 20
288 400 23
289 401 45
290 402 22
291 403 37
292 404 27
293 405 27
293 406 21
294 407 27
294 408 38
294 409 22
295 410 32
295 411 42
295 412 42
295 413 42
296 414 35
297 415 26
298 416 48
299 417 47
300 418 46
300 419 49
301 420 43
302 421 41
303 422 33
304 423 44
305 424 20
306 425 41
307 426 25
307 427 49
308 428 27
309 429 42
310 430 42
311 431 45
312 432 24
313 433 39
313 434 25
313 435 22
314 436 43
314 437 30
315 438 30
316 439 44
317 440 44
318 441 32
319 442 21
320 443 22
320 444 45
321 445 35
321 446 42
322 447 25
322 448 24
322 449 34
323 450 27
323 451 49
323 452 41
324 453 35
325 454 45
326 455 26
327 456 20
328 457 39
329 458 33
329 459 30
330 460 49
330 461 38
330 462 26
331 463 38
332 464 36
333 465 32
334 466 45
335 467 44
336 468 25
337 469 33
338 470 27
339 471 26
340 472 30
341 473 32
342 474 43
343 475 22
344 476 20
345 477 38
346 478 27
346 479 32
347 480 29
348 481 36
348 482 43
349 483 22
349 484 40
350 485 44
350 486 42
351 487 44
352 488 33
353 489 24
353 490 35
353 491 38
353 492 26
354 493 38
355 494 44
356 495 22
356 496 41
357 497 49
357 498 35
357 499 42
358 500 42
359 501 22
359 502 34
359 503 30
360 504 33
360 505 20
361 506 45
361 507 27
362 508 27
363 509 21
364 510 38
364 511 33
364 512 34
365 513 22
366 514 25
367 515 29
367 516 40
368 517 22
369 518 27
370 519 37
371 520 38
372 521 27
372 522 30
373 523 30
374 524 39
375 525 47
376 526 45
377 527 35
378 528 48
379 529 36
380 530 26
380 531 25
381 532 23
382 533 29
383 534 31
384 535 44
384 536 48
384 537 28
385 538 28
385 539 38
386 540 23
387 541 38
388 542 31
388 543 44
389 544 27
390 545 22
391 546 27
392 547 40
392 548 22
393 549 20
393 550 25
393 551 49
393 552 46
394 553 31
394 554 43
394 555 36
395 556 24
396 557 43
396 558 46
396 559 38
397 560 35
398 561 31
398 562 28
399 563 34
400 564 22
401 565 27
402 566 45
403 567 22
403 568 24
404 569 39
405 570 24
406 571 48
407 572 36
407 573 37
408 574 46
408 575 46
408 576 30
409 577 23
410 578 26
411 579 23
411 580 20
412 581 41
413 582 48
414 583 35
415 584 36
416 585 24
416 586 40
417 587 31
418 588 47
419 589 44
420 590 32
421 591 43
422 592 21
423 593 32
424 594 33
424 595 48
425 596 43
426 597 40
427 598 38
427 599 36
428 600 46
429 601 37
430 602 40
431 603 28
431 604 32
432 605 34
432 606 39
433 607 23
434 608 44
435 609 31
436 610 22
437 611 47
438 612 37
438 613 35
439 614 33
440 615 42
441 616 25
442 617 47
442 618 37
442 619 30
442 620 34
442 621 36
443 622 23
444 623 40
445 624 22
445 625 41
446 626 34
446 627 40
447 628 27
448 629 35
449 630 21
450 631 35
451 632 36
451 633 36
452 634 30
453 635 36
454 636 43
454 637 43
454 638 43
455 639 38
456 640 36
456 641 46
457 642 48
458 643 25
459 644 30
460 645 37
461 646 29
462 647 23
463 648 33
463 649 26
464 650 45
465 651 37
466 652 32
466 653 26
466 654 27
467 655 20
467 656 23
468 657 40
468 658 47
469 659 35
470 660 26
471 661 42
472 662 33
473 663 27
474 664 29
474 665 29
475 666 45
476 667 38
476 668 38
476 669 34
477 670 49
478 671 38
479 672 31
480 673 45
481 674 38
482 675 32
483 676 22
484 677 23
485 678 31
485 679 37
485 680 27
485 681 29
486 682 26
486 683 21
486 684 49
487 685 32
487 686 44
488 687 25
488 688 21
488 689 32
488 690 29
489 691 37
489 692 22
490 693 45
491 694 24
491 695 27
491 696 21
492 697 36
492 698 47
493 699 21
494 700 33
495 701 47
496 702 47
496 703 39
497 704 26
498 705 41
498 706 24
499 707 41
500 708 41
501 709 46
502 710 25
502 711 24
503 712 30
504 713 39
505 714 25
506 715 49
507 716 47
508 717 22
509 718 41
510 719 37
510 720 44
511 721 44
512 722 45
512 723 26
513 724 37
514 725 29
514 726 34
514 727 21
514 728 28
515 729 49
516 730 39
516 731 35
517 732 42
518 733 27
519 734 45
520 735 39
521 736 21
522 737 25
522 738 39
523 739 24
523 740 41
524 741 27
525 742 48
526 743 38
527 744 37
528 745 28
528 746 33
529 747 46
530 748 41
530 749 32
531 750 31
532 751 44
532 752 22
533 753 31
533 754 24
533 755 24
534 756 24
535 757 38
536 758 44
537 759 41
538 760 29
538 761 48
539 762 33
540 763 47
541 764 32
541 765 32
541 766 44
541 767 26
541 768 46
541 769 27
541 770 46
541 771 20
542 772 22
542 773 49
542 774 36
543 775 21
544 776 26
544 777 30
544 778 28
544 779 43
544 780 39
545 781 48
546 782 22
546 783 41
547 784 28
547 785 31
548 786 22
549 787 31
550 788 39
551 789 39
552 790 40
553 791 35
554 792 41
555 793 47
555 794 45
556 795 34
557 796 39
557 797 42
558 798 23
559 799 41
560 800 20
561 801 32
561 802 32
562 803 37
563 804 28
564 805 29
565 806 36
566 807 23
567 808 37
567 809 40
568 810 49
569 811 38
570 812 41
571 813 29
572 814 28
573 815 38
574 816 27
574 817 49
575 818 27
576 819 35
577 820 30
578 821 32
578 822 41
579 823 45
580 824 26
581 825 23
582 826 38
583 827 32
583 828 41
584 829 44
585 830 40
585 831 39
585 832 20
585 833 27
585 834 40
585 835 47
586 836 38
587 837 39
587 838 20
588 839 44
588 840 21
588 841 20
588 842 20
589 843 30
590 844 41
591 845 41
592 846 47
592 847 45
593 848 23
593 849 43
593 850 26
594 851 37
594 852 29
595 853 26
596 854 39
597 855 42
598 856 25
599 857 42
600 858 20
601 859 23
602 860 47
603 861 26
604 862 41
604 863 20
605 864 46
606 865 42
607 866 32
607 867 20
608 868 44
609 869 29
610 870 40
610 871 28
611 872 31
612 873 25
612 874 23
613 875 44
614 876 39
615 877 24
615 878 39
616 879 40
617 880 34
617 881 23
618 882 47
619 883 31
619 884 39
620 885 31
621 886 24
622 887 22
623 888 36
623 889 24
624 890 46
625 891 24
626 892 37
626 893 33
627 894 32
628 895 31
629 896 45
630 897 44
631 898 23
632 899 34
633 900 45
634 901 29
635 902 44
636 903 49
637 904 28
638 905 24
639 906 36
640 907 46
641 908 23
642 909 40
643 910 48
644 911 47
645 912 22
646 913 34
647 914 38
647 915 37
648 916 26
649 917 41
650 918 44
650 919 22
650 920 39
651 921 25
652 922 24
653 923 40
654 924 49
655 925 30
656 926 26
656 927 28
656 928 42
656 929 25
657 930 32
658 931 22
659 932 21
660 933 28
660 934 42
661 935 23
661 936 23
662 937 43
662 938 25
662 939 23
663 940 49
664 941 40
664 942 40
665 943 31
666 944 38
667 945 22
668 946 37
668 947 29
669 948 44
670 949 23
670 950 35
671 951 38
672 952 32
673 953 31
673 954 31
674 955 32
674 956 42
675 957 47
675 958 37
676 959 37
676 960 49
677 961 43
678 962 36
678 963 42
679 964 47
680 965 32
681 966 44
682 967 49
683 968 48
683 969 22
683 970 41
684 971 27
685 972 29
686 973 27
687 974 22
688 975 46
688 976 25
689 977 28
690 978 36
690 979 27
691 980 26
692 981 21
693 982 24
694 983 38
695 984 29
696 985 31
697 986 35
698 987 44
699 988 31
700 989 48
700 990 30
701 991 27
701 992 34
701 993 44
701 994 43
701 995 31
702 996 49
702 997 48
703 998 43
704 999 28
705 1000 39
706 1001 44
706 1002 44
706 1003 32
707 1004 21
707 1005 46
708 1006 42
709 1007 38
710 1008 31
711 1009 25
712 1010 38
712 1011 48
713 1012 49
713 1013 22
713 1014 29
713 1015 32
713 1016 41
714 1017 43
715 1018 33
716 1019 21
717 1020 23
718 1021 45
719 1022 41
720 1023 27
721 1024 44
721 1025 30
721 1026 29
722 1027 48
722 1028 36
722 1029 24
723 1030 25
724 1031 20
725 1032 47
726 1033 38
726 1034 42
726 1035 33
727 1036 33
727 1037 35
728 1038 42
729 1039 41
729 1040 46
730 1041 46
731 1042 24
731 1043 46
732 1044 23
733 1045 48
734 1046 44
735 1047 25
736 1048 41
737 1049 32
738 1050 25
739 1051 21
740 1052 20
741 1053 26
742 1054 37
743 1055 28
744 1056 26
745 1057 29
746 1058 29
746 1059 26
747 1060 22
747 1061 34
748 1062 48
749 1063 43
750 1064 42
751 1065 44
752 1066 47
753 1067 40
754 1068 26
754 1069 26
755 1070 31
756 1071 40
757 1072 25
758 1073 26
759 1074 44
760 1075 27
761 1076 32
762 1077 35
763 1078 39
763 1079 34
763 1080 27
764 1081 39
765 1082 22
765 1083 29
765 1084 42
766 1085 20
767 1086 37
768 1087 32
769 1088 49
770 1089 28
771 1090 30
771 1091 35
771 1092 47
772 1093 23
773 1094 28
773 1095 42
774 1096 29
774 1097 45
775 1098 21
776 1099 20
777 1100 31
778 1101 34
779 1102 44
779 1103 30
780 1104 45
781 1105 36
782 1106 23
783 1107 35
784 1108 25
785 1109 25
786 1110 47
787 1111 21
788 1112 21
789 1113 46
789 1114 21
790 1115 30
791 1116 38
792 1117 27
793 1118 36
794 1119 43
795 1120 29
796 1121 46
797 1122 23
798 1123 46
798 1124 28
799 1125 22
800 1126 36
801 1127 43
802 1128 27
803 1129 20
803 1130 32
803 1131 38
804 1132 37
805 1133 41
806 1134 38
807 1135 41
808 1136 44
809 1137 44
810 1138 25
811 1139 39
812 1140 41
813 1141 38
814 1142 26
815 1143 33
816 1144 46
817 1145 43
818 1146 25
819 1147 49
820 1148 27
821 1149 34
822 1150 32
823 1151 44
824 1152 46
824 1153 24
825 1154 21
826 1155 21
827 1156 41
827 1157 44
828 1158 20
828 1159 37
828 1160 43
829 1161 26
830 1162 21
830 1163 29
831 1164 24
831 1165 29
832 1166 49
833 1167 38
834 1168 31
835 1169 27
836 1170 34
837 1171 41
838 1172 44
839 1173 33
839 1174 43
840 1175 27
841 1176 32
842 1177 40
843 1178 29
844 1179 33
844 1180 21
845 1181 29
846 1182 37
847 1183 45
847 1184 38
848 1185 26
848 1186 21
849 1187 23
849 1188 26
850 1189 27
850 1190 38
850 1191 49
851 1192 42
851 1193 41
852 1194 45
853 1195 45
854 1196 30
854 1197 29
855 1198 46
856 1199 24
857 1200 36
858 1201 38
859 1202 35
860 1203 31
861 1204 34
862 1205 37
862 1206 43
863 1207 26
863 1208 30
863 1209 47
863 1210 40
863 1211 24
864 1212 27
864 1213 30
865 1214 29
865 1215 27
866 1216 31
867 1217 21
868 1218 32
868 1219 41
868 1220 45
868 1221 45
869 1222 23
870 1223 45
871 1224 43
871 1225 26
872 1226 31
873 1227 36
874 1228 41
874 1229 35
875 1230 43
875 1231 36
875 1232 34
876 1233 31
877 1234 37
877 1235 28
878 1236 28
879 1237 32
880 1238 21
880 1239 25
881 1240 26
882 1241 35
882 1242 43
882 1243 42
882 1244 30
883 1245 49
884 1246 26
884 1247 42
885 1248 32
886 1249 32
886 1250 46
886 1251 46
887 1252 21
888 1253 49
889 1254 39
889 1255 36
890 1256 34
890 1257 39
890 1258 33
890 1259 20
891 1260 33
892 1261 26
893 1262 25
894 1263 37
894 1264 31
894 1265 21
895 1266 23
895 1267 49
896 1268 30
897 1269 27
898 1270 30
899 1271 37
899 1272 36
899 1273 45
900 1274 21
900 1275 22
900 1276 29
900 1277 33
901 1278 44
902 1279 29
903 1280 21
904 1281 26
905 1282 35
905 1283 46
906 1284 20
907 1285 46
907 1286 45
908 1287 41
908 1288 21
909 1289 43
909 1290 43
910 1291 45
911 1292 28
912 1293 21
913 1294 44
914 1295 20
915 1296 37
915 1297 30
916 1298 39
917 1299 34
918 1300 35
919 1301 24
920 1302 27
920 1303 34
920 1304 23
920 1305 43
921 1306 41
922 1307 37
922 1308 40
923 1309 48
924 1310 27
925 1311 31
925 1312 31
925 1313 28
925 1314 46
925 1315 43
926 1316 39
927 1317 34
928 1318 44
929 1319 27
930 1320 42
931 1321 37
931 1322 39
932 1323 27
932 1324 33
933 1325 21
934 1326 41
934 1327 43
934 1328 36
934 1329 43
934 1330 22
934 1331 30
935 1332 47
936 1333 35
937 1334 37
938 1335 46
938 1336 49
938 1337 20
939 1338 46
939 1339 45
940 1340 39
940 1341 47
941 1342 39
942 1343 34
943 1344 23
943 1345 38
944 1346 47
945 1347 44
946 1348 34
947 1349 40
948 1350 31
949 1351 46
950 1352 21
951 1353 40
952 1354 27
952 1355 32
953 1356 34
954 1357 46
955 1358 36
956 1359 29
956 1360 20
956 1361 46
957 1362 49
958 1363 21
959 1364 41
960 1365 21
961 1366 28
962 1367 34
963 1368 28
964 1369 22
965 1370 23
966 1371 22
967 1372 46
968 1373 42
969 1374 39
970 1375 43
971 1376 26
972 1377 48
972 1378 40
973 1379 28
973 1380 36
973 1381 36
974 1382 40
974 1383 20
975 1384 37
976 1385 34
977 1386 27
978 1387 24
979 1388 39
979 1389 35
980 1390 45
981 1391 41
982 1392 26
983 1393 48
984 1394 43
985 1395 48
986 1396 23
986 1397 43
986 1398 29
986 1399 42
987 1400 25
987 1401 47
988 1402 25
989 1403 23
990 1404 20
991 1405 43
991 1406 34
992 1407 49
993 1408 41
994 1409 35
994 1410 21
995 1411 48
996 1412 43
997 1413 30
997 1414 48
998 1415 32
999 1416 39
999 1417 26
1000 1418 33
1001 1419 39
1002 1420 26
1003 1421 36
1004 1422 45
1005 1423 31
1006 1424 40
1007 1425 20
1008 1426 47
1008 1427 35
1008 1428 22
1009 1429 22
1010 1430 26
1011 1431 36
1011 1432 44
1011 1433 39
1012 1434 36
1012 1435 26
1013 1436 35
1014 1437 28
1015 1438 48
1016 1439 47
1017 1440 46
1018 1441 34
1019 1442 34
1020 1443 33
1020 1444 45
1020 1445 21
1021 1446 35
1021 1447 39
1021 1448 40
1021 1449 40
1022 1450 42
1023 1451 25
1023 1452 43
1024 1453 27
1025 1454 40
1026 1455 25
1026 1456 43
1027 1457 31
1028 1458 35
1028 1459 41
1028 1460 46
1029 1461 21
1029 1462 22
1029 1463 37
1029 1464 21
1030 1465 33
1031 1466 42
1031 1467 45
1031 1468 46
1031 1469 40
1032 1470 44
1033 1471 48
1034 1472 25
1035 1473 30
1036 1474 37
1036 1475 35
1037 1476 43
1037 1477 21
1038 1478 46
1039 1479 32
1040 1480 40
1041 1481 48
1042 1482 35
1043 1483 34
1044 1484 26
1045 1485 32
1046 1486 25
1047 1487 38
1047 1488 41
1047 1489 22
1048 1490 33
1049 1491 49
1050 1492 35
1051 1493 34
1052 1494 44
1053 1495 31
1054 1496 22
1055 1497 37
1056 1498 45
1056 1499 47
1056 1500 32
93 5 23
80 50 33
64 40 37
64 44 25
98 86 20
12 5 38
22 1 42
30 9 42
65 9 22
27 13 42
99 57 26
76 12 45
37 27 28
5 2 26
17 13 30
8 5 39
85 33 41
47 39 28
44 38 47
82 30 45
26 17 48
73 68 26
93 56 36
51 48 32
77 38 36
30 13 32
87 21 34
6 2 41
24 5 25
75 17 40
3 1 49
71 8 21
76 23 27
19 16 20
12 7 24
13 1 21
61 27 20
72 25 43
43 35 41
38 4 48
15 8 49
62 57 47
45 29 42
4 2 28
49 44 25
8 3 33
53 6 38
15 1 32
47 23 23
9 5 26
88 25 34
60 22 36
35 25 29
66 46 36
58 29 40
95 5 27
70 26 39
29 19 21
11 7 49
31 9 49
38 13 46
45 32 47
73 39 40
11 6 43
80 27 34
40 26 39
52 36 49
26 23 35
47 21 35
16 9 46
48 4 20
55 5 30
64 54 36
34 20 42
71 68 32
94 2 31
10 2 38
95 35 26
90 30 44
10 6 31
89 53 47
80 46 35
45 3 35
7 5 47
48 42 36
52 34 46
19 5 34
97 25 21
95 10 46
10 8 22
88 15 33
45 2 20
35 17 47
64 56 35
92 80 30
34 10 20
42 26 29
