1427
1 2 230
1 3 404
1 4 228
1 5 134
1 6 241
1 7 343
1 8 96
1 9 30
1 10 249
1 11 8
1 12 251
1 13 305
1 14 137
1 15 332
1 16 225
1 17 468
1 18 455
1 19 25
1 20 458
1 21 183
1 22 486
1 23 268
1 24 381
1 25 447
1 26 40
1 27 185
1 28 229
1 29 131
2 30 185
3 31 473
4 32 396
5 33 189
6 34 459
7 35 91
8 36 66
9 37 484
10 38 57
11 39 25
12 40 167
13 41 255
14 42 453
15 43 43
16 44 464
17 45 434
18 46 250
19 47 231
20 48 328
21 49 160
22 50 405
23 51 70
24 52 408
25 53 75
26 54 288
27 55 375
28 56 284
29 57 257
30 58 211
31 59 219
32 60 486
33 61 107
34 62 465
35 63 454
36 64 127
37 65 72
38 66 427
39 67 69
40 68 32
41 69 303
42 70 445
43 71 433
44 72 198
45 73 411
46 74 414
47 75 214
48 76 285
49 77 81
50 78 242
51 79 419
52 80 30
53 81 379
54 82 27
55 83 416
56 84 464
57 85 292
58 86 275
59 87 244
60 88 57
61 89 475
62 90 90
63 91 52
64 92 197
65 93 392
66 94 244
67 95 17
68 96 309
69 97 5
70 98 391
71 99 17
72 100 48
73 101 36
74 102 198
75 103 482
76 104 302
77 105 233
78 106 473
79 107 458
80 108 326
81 109 373
82 110 118
83 111 325
84 112 422
85 113 472
86 114 286
87 115 365
88 116 81
89 117 471
90 118 63
91 119 79
92 120 365
93 121 186
94 122 143
95 123 268
96 124 301
97 125 139
98 126 129
99 127 341
100 128 53
101 129 91
102 130 18
103 131 375
104 132 414
105 133 312
106 134 90
107 135 74
108 136 2
109 137 155
110 138 281
111 139 387
112 140 115
113 141 231
114 142 489
115 143 440
116 144 412
117 145 352
118 146 97
119 147 361
120 148 346
121 149 368
122 150 76
123 151 4
124 152 311
125 153 378
126 154 68
127 155 173
128 156 158
129 157 111
130 158 62
131 159 187
132 160 417
133 161 417
134 162 409
135 163 469
136 164 222
137 165 327
138 166 320
139 167 409
140 168 279
141 169 153
142 170 334
143 171 141
144 172 298
145 173 126
146 174 17
147 175 452
148 176 161
149 177 456
150 178 359
151 179 433
152 180 215
153 181 302
154 182 134
155 183 193
156 184 236
157 185 318
158 186 423
159 187 52
160 188 371
161 189 104
162 190 403
163 191 184
164 192 433
165 193 196
166 194 445
167 195 192
168 196 254
169 197 35
170 198 51
171 199 497
172 200 445
173 201 391
174 202 106
175 203 224
176 204 84
177 205 494
178 206 91
179 207 153
180 208 260
181 209 157
182 210 296
183 211 199
184 212 373
185 213 434
186 214 152
187 215 167
188 216 69
189 217 289
190 218 195
191 219 399
192 220 165
193 221 62
194 222 16
195 223 34
196 224 87
197 225 274
198 226 44
199 227 216
200 228 99
201 229 219
202 230 331
203 231 490
204 232 461
205 233 403
206 234 342
207 235 74
208 236 247
209 237 345
210 238 129
211 239 428
212 240 485
213 241 124
214 242 218
215 243 388
216 244 76
217 245 420
218 246 113
219 247 39
220 248 273
221 249 216
222 250 311
223 251 58
224 252 334
225 253 311
226 254 334
227 255 79
228 256 372
229 257 422
230 258 235
231 259 271
232 260 229
233 261 26
234 262 446
235 263 137
236 264 466
237 265 101
238 266 51
239 267 490
240 268 423
241 269 43
242 270 40
243 271 407
244 272 472
245 273 458
246 274 493
247 275 95
248 276 298
249 277 76
250 278 168
251 279 102
252 280 164
253 281 255
254 282 467
255 283 257
256 284 121
257 285 62
258 286 475
259 287 18
260 288 133
261 289 465
262 290 103
263 291 257
264 292 290
265 293 43
266 294 398
267 295 82
268 296 465
269 297 130
270 298 176
271 299 390
272 300 486
273 301 480
274 302 481
275 303 422
276 304 321
277 305 72
278 306 13
279 307 84
280 308 31
281 309 70
282 310 228
283 311 221
284 312 462
285 313 74
286 314 186
287 315 433
288 316 152
289 317 378
290 318 345
291 319 292
292 320 304
293 321 192
294 322 377
295 323 285
296 324 257
297 325 444
298 326 326
299 327 455
300 328 139
301 329 318
302 330 56
303 331 455
304 332 154
305 333 166
306 334 291
307 335 350
308 336 180
309 337 68
310 338 171
311 339 253
312 340 57
313 341 61
314 342 67
315 343 480
316 344 295
317 345 329
318 346 165
319 347 453
320 348 163
321 349 74
322 350 349
323 351 311
324 352 420
325 353 108
326 354 332
327 355 57
328 356 87
329 357 364
330 358 77
331 359 176
332 360 62
333 361 191
334 362 244
335 363 139
336 364 15
337 365 381
338 366 425
339 367 193
340 368 327
341 369 144
342 370 29
343 371 154
344 372 75
345 373 192
346 374 66
347 375 440
348 376 432
349 377 271
350 378 182
351 379 341
352 380 240
353 381 390
354 382 245
355 383 388
356 384 306
357 385 5
358 386 222
359 387 83
360 388 302
361 389 391
362 390 293
363 391 273
364 392 53
365 393 89
366 394 211
367 395 469
368 396 277
369 397 15
370 398 200
371 399 295
372 400 420
373 401 331
374 402 431
375 403 423
376 404 349
377 405 264
378 406 195
379 407 289
380 408 170
381 409 438
382 410 317
383 411 489
384 412 405
385 413 433
386 414 481
387 415 244
388 416 375
389 417 210
390 418 461
391 419 130
392 420 242
393 421 119
394 422 155
395 423 384
396 424 372
397 425 398
398 426 55
399 427 165
400 428 38
401 429 350
402 430 430
403 431 234
404 432 425
405 433 37
406 434 346
407 435 118
408 436 294
409 437 357
410 438 30
411 439 439
412 440 492
413 441 393
414 442 344
415 443 142
416 444 487
417 445 209
418 446 15
419 447 448
420 448 448
421 449 283
422 450 478
423 451 168
424 452 258
425 453 199
426 454 69
427 455 421
428 456 265
429 457 141
430 458 158
431 459 214
432 460 413
433 461 401
434 462 385
435 463 486
436 464 19
437 465 109
438 466 35
439 467 400
440 468 170
441 469 467
442 470 70
443 471 22
444 472 407
445 473 4
446 474 95
447 475 351
448 476 66
449 477 284
450 478 17
451 479 139
452 480 18
453 481 430
454 482 124
455 483 48
456 484 266
457 485 217
458 486 460
459 487 223
460 488 382
461 489 256
462 490 295
463 491 226
464 492 30
465 493 387
466 494 434
467 495 146
468 496 319
469 497 122
470 498 211
471 499 411
472 500 331
473 501 75
474 502 73
475 503 284
476 504 168
477 505 375
478 506 319
479 507 265
480 508 41
481 509 331
482 510 395
483 511 384
484 512 402
485 513 56
486 514 216
487 515 169
488 516 185
489 517 29
490 518 150
491 519 12
492 520 373
493 521 238
494 522 419
495 523 470
496 524 385
497 525 62
498 526 150
499 527 46
500 528 75
501 529 225
502 530 46
503 531 451
504 532 92
505 533 351
506 534 92
507 535 216
508 536 449
509 537 375
510 538 432
511 539 210
512 540 128
513 541 169
514 542 246
515 543 221
516 544 205
517 545 93
518 546 81
519 547 116
520 548 289
521 549 244
522 550 428
523 551 73
524 552 478
525 553 414
526 554 407
527 555 126
528 556 133
529 557 134
530 558 303
531 559 441
532 560 278
533 561 279
534 562 187
535 563 270
536 564 46
537 565 240
538 566 361
539 567 274
540 568 97
541 569 10
542 570 63
543 571 65
544 572 284
545 573 409
546 574 42
547 575 397
548 576 376
549 577 1
550 578 297
551 579 393
552 580 113
553 581 57
554 582 207
555 583 334
556 584 364
557 585 190
558 586 319
559 587 162
560 588 151
561 589 95
562 590 39
563 591 346
564 592 161
565 593 415
566 594 168
567 595 308
568 596 418
569 597 29
570 598 367
571 599 178
572 600 118
573 601 203
574 602 87
575 603 357
576 604 363
577 605 348
578 606 159
579 607 158
580 608 117
581 609 9
582 610 319
583 611 175
584 612 496
585 613 405
586 614 160
587 615 163
588 616 106
589 617 481
590 618 21
591 619 314
592 620 462
593 621 431
594 622 174
595 623 106
596 624 78
597 625 24
598 626 85
599 627 417
600 628 337
601 629 141
602 630 445
603 631 214
604 632 158
605 633 1
606 634 359
607 635 183
608 636 14
609 637 64
610 638 189
611 639 330
612 640 404
613 641 318
614 642 8
615 643 164
616 644 355
617 645 373
618 646 152
619 647 147
620 648 24
621 649 296
622 650 201
623 651 28
624 652 302
625 653 391
626 654 121
627 655 215
628 656 272
629 657 317
630 658 415
631 659 274
632 660 229
633 661 135
634 662 271
635 663 118
636 664 196
637 665 57
638 666 124
639 667 348
640 668 342
641 669 305
642 670 471
643 671 48
644 672 378
645 673 361
646 674 269
647 675 359
648 676 368
649 677 153
650 678 376
651 679 360
652 680 221
653 681 487
654 682 330
655 683 378
656 684 276
657 685 238
658 686 102
659 687 499
660 688 156
661 689 29
662 690 438
663 691 35
664 692 382
665 693 493
666 694 406
667 695 469
668 696 407
669 697 177
670 698 452
671 699 142
672 700 168
673 701 261
674 702 430
675 703 67
676 704 82
677 705 57
678 706 232
679 707 357
680 708 73
681 709 424
682 710 136
683 711 481
684 712 253
685 713 405
686 714 99
687 715 189
688 716 399
689 717 227
690 718 80
691 719 497
692 720 69
693 721 194
694 722 160
695 723 110
696 724 455
697 725 387
698 726 113
699 727 111
700 728 261
701 729 154
702 730 2
703 731 82
704 732 343
705 733 388
706 734 231
707 735 482
708 736 47
709 737 463
710 738 71
711 739 191
712 740 77
713 741 344
714 742 471
715 743 64
716 744 431
717 745 126
718 746 86
719 747 486
720 748 467
721 749 278
722 750 317
723 751 240
724 752 143
725 753 332
726 754 493
727 755 375
728 756 285
729 757 49
730 758 485
731 759 45
732 760 88
733 761 88
734 762 127
735 763 460
736 764 443
737 765 190
738 766 113
739 767 244
740 768 98
741 769 375
742 770 244
743 771 395
744 772 103
745 773 123
746 774 141
747 775 163
748 776 190
749 777 479
750 778 333
751 779 395
752 780 89
753 781 385
754 782 404
755 783 424
756 784 15
757 785 365
758 786 253
759 787 238
760 788 99
761 789 493
762 790 79
763 791 411
764 792 431
765 793 460
766 794 109
767 795 414
768 796 398
769 797 180
770 798 247
771 799 464
772 800 435
773 801 376
774 802 37
775 803 66
776 804 381
777 805 163
778 806 124
779 807 463
780 808 384
781 809 224
782 810 250
783 811 264
784 812 14
785 813 99
786 814 97
787 815 308
788 816 334
789 817 84
790 818 231
791 819 247
792 820 25
793 821 240
794 822 142
795 823 365
796 824 246
797 825 364
798 826 99
799 827 144
800 828 332
801 829 260
802 830 60
803 831 419
804 832 67
805 833 117
806 834 357
807 835 447
808 836 226
809 837 497
810 838 393
811 839 303
812 840 435
813 841 250
814 842 65
815 843 479
816 844 401
817 845 9
818 846 481
819 847 83
820 848 464
821 849 362
822 850 75
823 851 385
824 852 497
825 853 330
826 854 181
827 855 286
828 856 377
829 857 339
830 858 364
831 859 404
832 860 308
833 861 367
834 862 280
835 863 56
836 864 442
837 865 109
838 866 253
839 867 378
840 868 289
841 869 414
842 870 426
843 871 472
844 872 191
845 873 357
846 874 133
847 875 414
848 876 494
849 877 166
850 878 217
851 879 32
852 880 309
853 881 353
854 882 175
855 883 105
856 884 268
857 885 257
858 886 174
859 887 425
860 888 328
861 889 280
862 890 387
863 891 221
864 892 495
865 893 484
866 894 192
867 895 431
868 896 401
869 897 142
870 898 499
871 899 395
872 900 175
873 901 407
874 902 298
875 903 220
876 904 44
877 905 23
878 906 20
879 907 262
880 908 429
881 909 244
882 910 174
883 911 402
884 912 305
885 913 394
886 914 473
887 915 61
888 916 96
889 917 35
890 918 371
891 919 236
892 920 117
893 921 169
894 922 299
895 923 254
896 924 176
897 925 10
898 926 55
899 927 300
900 928 73
901 929 417
514 130 472
684 211 248
593 69 143
650 89 336
802 765 214
198 89 56
253 171 165
386 76 142
74 34 18
310 31 140
600 169 477
790 447 249
304 298 284
396 229 11
288 191 327
435 168 266
135 75 491
582 473 78
644 407 334
833 803 340
549 374 434
263 205 76
538 359 400
872 146 46
479 34 474
498 297 422
242 194 444
101 88 268
663 322 393
347 226 386
551 538 153
796 554 162
658 448 216
112 35 142
154 114 70
433 322 498
853 622 34
609 81 106
376 310 105
608 334 287
466 277 38
203 37 411
597 46 396
447 76 139
764 750 55
63 49 192
276 118 164
202 94 98
423 184 226
156 112 301
450 62 355
879 359 466
680 132 397
741 308 442
817 141 492
859 497 451
758 708 401
623 205 421
130 31 170
406 306 307
848 105 175
689 429 222
83 31 148
350 122 490
338 152 218
159 62 159
760 363 491
517 204 30
120 41 234
154 104 210
186 93 424
555 481 89
346 74 278
118 89 439
310 261 465
181 169 8
861 757 305
608 380 361
468 81 47
434 298 482
610 70 477
419 45 242
788 628 328
656 563 251
536 362 465
385 221 372
719 508 113
351 316 307
605 176 489
889 316 221
102 49 428
239 60 311
662 616 175
438 170 161
267 190 246
668 352 58
832 702 228
471 154 79
168 98 181
62 53 156
742 488 319
693 109 385
157 104 17
331 294 495
342 320 184
397 200 446
395 146 415
689 311 415
204 91 225
823 60 48
536 107 322
185 59 232
389 33 92
470 129 452
82 55 132
517 510 107
83 54 462
387 104 230
144 52 71
535 412 303
270 208 198
850 621 226
765 111 243
341 285 123
814 541 144
598 233 286
469 389 59
671 274 101
835 211 102
824 521 166
666 502 249
702 202 251
465 174 444
632 580 28
64 32 390
648 255 273
572 453 235
248 225 317
426 238 126
804 104 161
756 149 180
257 53 85
87 32 252
400 330 347
299 91 12
731 316 154
572 332 168
503 348 399
193 64 154
237 70 463
448 90 128
689 56 57
490 42 120
226 200 208
407 167 42
402 83 152
602 507 315
148 95 469
271 149 282
384 284 469
459 206 491
456 105 160
795 619 385
355 250 453
752 568 461
375 316 104
158 106 166
427 284 272
718 327 328
802 263 285
154 115 347
327 116 133
854 512 339
200 169 350
430 203 297
584 267 43
765 598 426
574 352 112
237 149 401
879 497 163
492 221 103
434 81 180
748 645 50
896 702 217
165 112 383
182 115 37
580 355 205
155 130 326
558 89 65
572 157 235
139 47 87
466 402 115
714 370 162
865 515 154
246 136 378
623 469 53
861 555 351
75 51 86
110 69 349
567 490 177
407 312 435
707 683 64
852 505 380
385 254 443
890 656 266
431 362 175
520 503 258
678 334 229
835 203 381
616 229 38
565 137 100
500 230 457
294 91 36
554 522 458
700 128 157
120 59 278
895 414 320
231 99 415
892 583 400
111 33 319
387 78 249
234 42 477
857 222 204
78 44 89
850 284 222
267 223 341
227 189 405
222 153 411
536 447 424
636 533 91
882 276 45
145 113 198
61 51 293
708 650 141
62 60 407
749 140 333
775 342 27
317 206 396
418 180 227
800 182 295
270 81 143
101 63 378
222 162 417
707 449 49
62 46 450
312 89 93
705 623 370
221 204 85
87 39 187
210 74 498
795 609 10
160 72 250
465 134 408
694 119 193
103 57 162
226 141 480
466 169 492
859 815 316
827 744 498
703 265 296
743 536 60
782 679 136
691 310 363
542 412 320
565 476 499
608 270 448
875 732 343
628 45 303
430 399 184
102 59 386
687 605 141
442 397 95
573 75 74
631 170 72
66 50 111
92 80 42
842 216 211
327 106 165
429 323 315
840 786 158
682 562 462
108 42 21
780 641 416
483 298 397
708 658 439
292 176 146
816 605 306
650 104 219
782 717 285
547 452 465
493 226 346
605 290 481
133 86 283
356 283 91
121 117 13
320 225 382
175 146 218
729 121 433
876 73 164
815 800 15
68 49 178
454 220 411
658 199 351
548 38 434
165 140 115
544 416 226
632 555 204
571 344 25
185 81 11
702 239 462
560 297 362
684 648 386
68 46 165
831 483 166
830 368 454
399 119 24
650 365 491
823 768 265
786 539 388
585 236 37
670 369 456
401 154 307
144 100 336
455 322 439
416 152 56
689 280 311
525 140 371
561 525 266
409 291 142
661 589 202
90 56 48
197 91 468
575 186 350
265 173 199
518 169 443
877 762 399
664 588 158
545 255 497
171 101 253
755 328 200
117 73 148
111 81 397
879 50 205
774 701 185
441 265 207
588 236 111
204 50 103
151 125 163
489 127 147
799 701 370
812 718 55
812 42 81
146 88 172
475 37 129
156 140 163
800 345 337
777 229 307
693 603 308
788 37 109
399 166 454
458 295 140
752 348 245
826 663 73
614 553 108
780 699 212
312 274 437
493 470 73
238 208 378
694 90 252
592 446 383
232 62 176
846 358 97
584 257 308
244 235 197
763 157 266
846 688 108
545 245 323
118 76 176
204 94 209
851 712 194
109 34 428
639 615 210
344 154 216
689 614 261
792 493 135
736 406 485
800 671 492
738 408 331
404 162 255
63 39 13
806 51 205
165 134 466
625 487 244
208 77 385
279 31 178
721 238 408
375 262 122
887 810 186
338 253 82
463 358 368
814 51 204
591 366 39
230 61 457
544 355 35
591 435 85
354 35 486
318 275 335
682 512 92
807 422 223
671 521 284
528 444 484
527 362 113
179 77 380
205 168 209
655 304 429
750 492 290
695 543 198
685 630 102
509 307 487
540 199 371
519 198 66
809 743 180
544 103 448
198 175 317
700 640 484
390 248 359
376 164 370
225 54 405
756 110 428
521 272 1
73 35 492
684 603 395
862 210 212
390 228 404
163 148 386
658 219 479
810 98 86
392 270 97
795 626 207
876 99 5
729 362 485
131 38 97
591 201 164
77 59 438
743 716 120
748 523 105
90 42 361
876 550 151
337 232 388
614 319 359
89 43 195
388 232 173
602 74 89
499 394 347
88 40 401
824 414 17
71 44 403
203 47 199
424 204 306
608 212 230
346 128 126
818 572 182
184 75 76
861 478 13
132 77 10
563 83 6
144 115 19
680 64 31
869 280 25
313 194 121
760 370 297
654 347 324
376 223 58
502 70 236
540 254 458
276 35 483
257 205 110
683 252 184
735 493 132
771 337 29
63 52 340
191 180 85
305 148 165
535 189 394
284 240 40
464 291 338
783 310 410
429 419 237
125 43 481
511 287 274
164 80 130
505 435 3
668 101 317
164 68 182
616 458 418
500 195 86
407 385 212
453 373 39
650 597 303
